{
  "bTc(i)":{
    "bTc(1)":[
      [
        -0.17715095290134208, 
        0.7905312434993323, 
        0.5862404736433209, 
        -603.969040779361
      ], 
      [
        0.9364596318431602, 
        0.3186319430723451, 
        -0.1466868868785301, 
        -167.27927256117562
      ], 
      [
        -0.30275550831375336, 
        0.5230048163309211, 
        -0.7967465495879731, 
        210.39467984706084
      ], 
      [
        0.0, 
        0.0, 
        0.0, 
        1.0
      ]
    ], 
    "bTc(2)":[
      [
        -0.12051414389566184, 
        0.9785756737480801, 
        0.16693109916844795, 
        -485.71765001780534
      ], 
      [
        0.9854462473958989, 
        0.13823581439837113, 
        -0.09892700900643547, 
        -158.1579277603632
      ], 
      [
        -0.11988342093232048, 
        0.15257952145065073, 
        -0.980993096315899, 
        253.5863730177904
      ], 
      [
        0.0, 
        0.0, 
        0.0, 
        1.0
      ]
    ], 
    "bTc(3)":[
      [
        0.26653904528532174, 
        0.9454631073964809, 
        0.18723367723403622, 
        -489.85843724463246
      ], 
      [
        0.8976259090676235, 
        -0.17275175454787656, 
        -0.4054929822711515, 
        -38.56358487242745
      ], 
      [
        -0.3510337087929183, 
        0.27614551209972626, 
        -0.8947172689952221, 
        225.25760794267453
      ], 
      [
        0.0, 
        0.0, 
        0.0, 
        1.0
      ]
    ], 
    "bTc(4)":[
      [
        -0.7003120779501765, 
        0.6866774246270354, 
        0.19503104364353796, 
        -482.7607697130278
      ], 
      [
        0.6900941091678623, 
        0.5813820938974046, 
        0.4310046187540036, 
        -385.624385751817
      ], 
      [
        0.18257358507988045, 
        0.43642751448900563, 
        -0.8810209478939923, 
        270.34283741143145
      ], 
      [
        0.0, 
        0.0, 
        0.0, 
        1.0
      ]
    ], 
    "bTc(5)":[
      [
        0.3577037184651664, 
        0.7781320654221608, 
        0.5162930742882716, 
        -613.7635772438632
      ], 
      [
        0.8869424999390604, 
        -0.11009852331945753, 
        -0.44856584462565224, 
        -5.474219926003613
      ], 
      [
        -0.29220036207719285, 
        0.6183759406095264, 
        -0.72954105057717, 
        212.10557533762704
      ], 
      [
        0.0, 
        0.0, 
        0.0, 
        1.0
      ]
    ], 
    "bTc(6)":[
      [
        0.2656464216531991, 
        0.9556478912458531, 
        0.12715772339973952, 
        -472.2956728445355
      ], 
      [
        0.8399492548738589, 
        -0.16468375765628113, 
        -0.5170730211498727, 
        -29.224817122712047
      ], 
      [
        -0.4731989305775109, 
        0.24416463282294, 
        -0.8464433850995227, 
        224.65468489793102
      ], 
      [
        0.0, 
        0.0, 
        0.0, 
        1.0
      ]
    ], 
    "bTc(7)":[
      [
        -0.30184124356479447, 
        0.8714809810860036, 
        0.3865394718377861, 
        -591.1462779748106
      ], 
      [
        0.8955409080344705, 
        0.12013614574018204, 
        0.4284551184470659, 
        -345.96895118327313
      ], 
      [
        0.32695312465253185, 
        0.4754873353645393, 
        -0.8167089127638294, 
        241.48621572789452
      ], 
      [
        0.0, 
        0.0, 
        0.0, 
        1.0
      ]
    ], 
    "bTc(8)":[
      [
        -0.8861931658831338, 
        0.4453459870129397, 
        0.1277835067350196, 
        -460.6389458947829
      ], 
      [
        0.40273611863815306, 
        0.6040932708340817, 
        0.6876590280635135, 
        -455.62492755559913
      ], 
      [
        0.22905303203909747, 
        0.6608617646561578, 
        -0.7147002424298213, 
        239.75828162346696
      ], 
      [
        0.0, 
        0.0, 
        0.0, 
        1.0
      ]
    ], 
    "bTc(9)":[
      [
        -0.2493551855358603, 
        0.9591228014371552, 
        -0.1338112222861716, 
        -404.8099592776195
      ], 
      [
        0.968380916883987, 
        0.24584652955723868, 
        -0.042401458932330396, 
        -153.6385630929356
      ], 
      [
        -0.007771181461331583, 
        -0.14015325778591217, 
        -0.9900993248511438, 
        282.5795617406916
      ], 
      [
        0.0, 
        0.0, 
        0.0, 
        1.0
      ]
    ], 
    "bTc(10)":[
      [
        0.7538249537604781, 
        0.6521267239771585, 
        0.08049021656593804, 
        -410.1749457190442
      ], 
      [
        0.6031477437168989, 
        -0.6381450627277918, 
        -0.47852239045352546, 
        8.993300218503364
      ], 
      [
        -0.26069280453673194, 
        0.4092696113700123, 
        -0.8743784345875718, 
        270.7032904367206
      ], 
      [
        0.0, 
        0.0, 
        0.0, 
        1.0
      ]
    ], 
    "bTc(11)":[
      [
        -0.1866257741072682, 
        0.9587516602083394, 
        0.21439700204670567, 
        -500.8872852319619
      ], 
      [
        0.9753034907186893, 
        0.20704614075867483, 
        -0.07690901500395328, 
        -183.40923656198694
      ], 
      [
        -0.11812671768402823, 
        0.19474894003483373, 
        -0.9737139872285429, 
        269.2690664195766
      ], 
      [
        0.0, 
        0.0, 
        0.0, 
        1.0
      ]
    ], 
    "bTc(12)":[
      [
        -0.45102185947811146, 
        0.8745658931976911, 
        -0.1780836340830652, 
        -416.1857793213595
      ], 
      [
        0.8286488578103359, 
        0.4844482449591737, 
        0.2804477997874149, 
        -252.16912420093556
      ], 
      [
        0.3315423845039005, 
        -0.021080711830980717, 
        -0.9432047767405375, 
        343.7459550859048
      ], 
      [
        0.0, 
        0.0, 
        0.0, 
        1.0
      ]
    ], 
    "bTc(13)":[
      [
        0.33703685287423873, 
        0.939519848257458, 
        0.06089839517517173, 
        -424.7577011899678
      ], 
      [
        0.9234624887719302, 
        -0.31729278900413915, 
        -0.215736686442356, 
        -63.793962270866004
      ], 
      [
        -0.18336627725888244, 
        0.1289485974187287, 
        -0.9745507003681038, 
        327.9628116377395
      ], 
      [
        0.0, 
        0.0, 
        0.0, 
        1.0
      ]
    ], 
    "bTc(14)":[
      [
        -0.3503068936216544, 
        0.9208395282812051, 
        -0.1712881882559159, 
        -367.9602669028927
      ], 
      [
        0.9161301705422784, 
        0.2988035807370642, 
        -0.26724881807200684, 
        -158.19591060122923
      ], 
      [
        -0.19491175157830426, 
        -0.2505413804016334, 
        -0.9482818282573603, 
        277.5918529149561
      ], 
      [
        0.0, 
        0.0, 
        0.0, 
        1.0
      ]
    ], 
    "bTc(15)":[
      [
        -0.6878474841629073, 
        0.605701980325087, 
        -0.39998868679129723, 
        -283.31900167192936
      ], 
      [
        0.5035203961871385, 
        0.7950812222508837, 
        0.33810214528687554, 
        -335.8702029221629
      ], 
      [
        0.5228126329329714, 
        0.031160247982131958, 
        -0.8518779195350624, 
        332.78537702114727
      ], 
      [
        0.0, 
        0.0, 
        0.0, 
        1.0
      ]
    ], 
    "bTc(16)":[
      [
        0.021314878652126747, 
        0.9997727734819791, 
        -0.0002781226270108173, 
        -403.87594457200413
      ], 
      [
        0.9997250615372927, 
        -0.02131657863757975, 
        -0.009767538556048158, 
        14.43231954578514
      ], 
      [
        -0.009771247735121844, 
        -6.985226135111464e-05, 
        -0.9999522577795206, 
        631.5664655610287
      ], 
      [
        0.0, 
        0.0, 
        0.0, 
        1.0
      ]
    ]
  }, 
  "rot_c2p(i)":{
    "rot_c2p(1)":[
      [
        -0.9354152917449058, 
        0.1867575897641897, 
        0.3001996579532752
      ], 
      [
        -0.3265901843544566, 
        -0.7816538621687218, 
        -0.5313718954179294
      ], 
      [
        0.1354144876042252, 
        -0.595095658211511, 
        0.7921641711947681
      ]
    ], 
    "rot_c2p(2)":[
      [
        -0.9843365975171133, 
        0.13248816223500176, 
        0.11631143390064605
      ], 
      [
        -0.1503928304599203, 
        -0.9752913674668555, 
        -0.16182937029749767
      ], 
      [
        0.0919970615546288, 
        -0.17678697749614591, 
        0.9799402559610919
      ]
    ], 
    "rot_c2p(3)":[
      [
        -0.9027851784748746, 
        -0.25795286263124106, 
        0.3441500286015344
      ], 
      [
        0.16224953948537277, 
        -0.9453173663748423, 
        -0.28293137642707045
      ], 
      [
        0.3983139571529892, 
        -0.1995880695093779, 
        0.8952712404889628
      ]
    ], 
    "rot_c2p(4)":[
      [
        -0.6789304771372053, 
        0.7117739305641183, 
        -0.18008686510557192
      ], 
      [
        -0.5890428802911399, 
        -0.6744767171333208, 
        -0.4450950945847148
      ], 
      [
        -0.4382714825226077, 
        -0.19610973921344194, 
        0.8771881655568957
      ]
    ], 
    "rot_c2p(5)":[
      [
        -0.8928491622137767, 
        -0.34846213652779223, 
        0.2852972361251389
      ], 
      [
        0.1026827910420163, 
        -0.7743211237368005, 
        -0.6244061512820002
      ], 
      [
        0.43849357801224254, 
        -0.5282053925713602, 
        0.7271330313639707
      ]
    ], 
    "rot_c2p(6)":[
      [
        -0.8457943999940565, 
        -0.2589641751717411, 
        0.4664433394489772
      ], 
      [
        0.15439011265017066, 
        -0.955691027015769, 
        -0.250635899259089
      ], 
      [
        0.5106814330427156, 
        -0.1399722003083627, 
        0.8482996269516304
      ]
    ], 
    "rot_c2p(7)":[
      [
        -0.8902879420046677, 
        0.3172262276085647, 
        -0.32673368488469734
      ], 
      [
        -0.13058711235293485, 
        -0.8651729116033491, 
        -0.48417232378059927
      ], 
      [
        -0.43627329325597686, 
        -0.38838557329672085, 
        0.8116786679755491
      ]
    ], 
    "rot_c2p(8)":[
      [
        -0.38897176058250654, 
        0.8940425958887221, 
        -0.2222359246519344
      ], 
      [
        -0.6081601894861521, 
        -0.43039412481070105, 
        -0.6670098059643488
      ], 
      [
        -0.6919842146996654, 
        -0.12429293650479817, 
        0.7111322749963619
      ]
    ], 
    "rot_c2p(9)":[
      [
        -0.9649846508544727, 
        0.26226930151146177, 
        0.00440875265370504
      ], 
      [
        -0.2594084028257133, 
        -0.9566802232360643, 
        0.13217500146550734
      ], 
      [
        0.03888321178457417, 
        0.12640318015653076, 
        0.9912165918141361
      ]
    ], 
    "rot_c2p(10)":[
      [
        -0.6132039382174113, 
        -0.7480797758929162, 
        0.2536879560693836
      ], 
      [
        0.6313712183103733, 
        -0.6571590697287026, 
        -0.41171876537580965
      ], 
      [
        0.47471182294517594, 
        -0.09229629447226154, 
        0.8752885690917922
      ]
    ], 
    "rot_c2p(11)":[
      [
        -0.9733369485426229, 
        0.19787872066550713, 
        0.11601377724010892
      ], 
      [
        -0.218284552347121, 
        -0.9544491146215938, 
        -0.203417653620999
      ], 
      [
        0.07047722191142622, 
        -0.22331793368611919, 
        0.9721944567244817
      ]
    ], 
    "rot_c2p(12)":[
      [
        -0.8210143898713295, 
        0.46334038128244825, 
        -0.33354319464987425
      ], 
      [
        -0.496213251343922, 
        -0.8680612022624788, 
        0.015561436865320716
      ], 
      [
        -0.2823256644637574, 
        0.1782847166743553, 
        0.9426063754215974
      ]
    ], 
    "rot_c2p(13)":[
      [
        -0.9287084154052725, 
        -0.32586693857544474, 
        0.1769503249471308
      ], 
      [
        0.30541782274534773, 
        -0.9428360161964021, 
        -0.13334241677871705
      ], 
      [
        0.21028702457574316, 
        -0.06979244161343724, 
        0.9751453134731847
      ]
    ], 
    "rot_c2p(14)":[
      [
        -0.9133989121568802, 
        0.36005574311460253, 
        0.18990073491384668
      ], 
      [
        -0.3111985789148348, 
        -0.918373542933141, 
        0.24442888561259987
      ], 
      [
        0.26240783477635543, 
        0.16416423937819538, 
        0.9508902306561797
      ]
    ], 
    "rot_c2p(15)":[
      [
        -0.4911038682438894, 
        0.6975028123332833, 
        -0.5218302572513875
      ], 
      [
        -0.8037681019950748, 
        -0.5937767462653271, 
        -0.03722920640836408
      ], 
      [
        -0.33581814842429775, 
        0.40114710815575155, 
        0.8522365685695227
      ]
    ], 
    "rot_c2p(16)":[
      [
        -0.9999449287218406, 
        -0.008199922977559481, 
        0.006549869207479929
      ], 
      [
        0.008136983164679512, 
        -0.9999210143962057, 
        -0.009578855560064157
      ], 
      [
        0.006627897739911496, 
        -0.009525031864773043, 
        0.9999326701031046
      ]
    ]
  }, 
  "trans_c2p(i)":{
    "trans_c2p(1)":[
      [
        -154.36142081807645
      ], 
      [
        52.51733146806262
      ], 
      [
        351.2281667070321
      ]
    ], 
    "trans_c2p(2)":[
      [
        -120.47625211856783
      ], 
      [
        40.9888120555559
      ], 
      [
        274.1271292987705
      ]
    ], 
    "trans_c2p(3)":[
      [
        -138.24871047216203
      ], 
      [
        47.03541412368576
      ], 
      [
        314.5659120744664
      ]
    ], 
    "trans_c2p(4)":[
      [
        -130.85382264989258
      ], 
      [
        44.51950196847847
      ], 
      [
        297.7398626700565
      ]
    ], 
    "trans_c2p(5)":[
      [
        -178.79137610839211
      ], 
      [
        60.82896822893139
      ], 
      [
        406.8151674218345
      ]
    ], 
    "trans_c2p(6)":[
      [
        -159.89981853972535
      ], 
      [
        54.40162268155563
      ], 
      [
        363.83002841548137
      ]
    ], 
    "trans_c2p(7)":[
      [
        -116.40149963462906
      ], 
      [
        39.60248686034064
      ], 
      [
        264.855590872045
      ]
    ], 
    "trans_c2p(8)":[
      [
        -145.10632398260185
      ], 
      [
        49.36853311092339
      ], 
      [
        330.1694677329479
      ]
    ], 
    "trans_c2p(9)":[
      [
        -121.1009907599895
      ], 
      [
        41.20136261474721
      ], 
      [
        275.548636088062
      ]
    ], 
    "trans_c2p(10)":[
      [
        -167.7443387763944
      ], 
      [
        57.07051020081866
      ], 
      [
        381.67915449128145
      ]
    ], 
    "trans_c2p(11)":[
      [
        -130.16146782060216
      ], 
      [
        44.28394681570354
      ], 
      [
        296.1645045519874
      ]
    ], 
    "trans_c2p(12)":[
      [
        -136.24999815458094
      ], 
      [
        46.35540588888585
      ], 
      [
        310.01811729933195
      ]
    ], 
    "trans_c2p(13)":[
      [
        -162.34686505553478
      ], 
      [
        55.23416459719394
      ], 
      [
        369.3979459497953
      ]
    ], 
    "trans_c2p(14)":[
      [
        -132.89600917342318
      ], 
      [
        45.214301135313484
      ], 
      [
        302.38657701702283
      ]
    ], 
    "trans_c2p(15)":[
      [
        -134.35079201245898
      ], 
      [
        45.70925196024619
      ], 
      [
        305.6967351303871
      ]
    ], 
    "trans_c2p(16)":[
      [
        -276.8692577331293
      ], 
      [
        94.1973357373014
      ], 
      [
        629.9778875821024
      ]
    ]
  }, 
  "bTp(i)":{
    "bTp(1)":[
      [
        -0.013084580910039218, 
        -0.9998752451675795, 
        -0.008848041787922983, 
        -329.20300983231374
      ], 
      [
        -0.9999042543820277, 
        0.013123784339642522, 
        -0.004387294533954589, 
        -346.61937885892337
      ], 
      [
        0.004502866990012819, 
        0.008789788716389017, 
        -0.9999512307123742, 
        4.755437627577777
      ], 
      [
        0.0, 
        0.0, 
        0.0, 
        1.0
      ]
    ], 
    "bTp(2)":[
      [
        -0.01318711243367217, 
        -0.9998743489397246, 
        -0.008796953905919239, 
        -385.3275602548442
      ], 
      [
        -0.9999014757329703, 
        0.01322877275636147, 
        -0.004694507257253988, 
        -298.3332534842543
      ], 
      [
        0.004810290291609063, 
        0.008734180197461498, 
        -0.9999502863660714, 
        5.36671023614673
      ], 
      [
        0.0, 
        0.0, 
        0.0, 
        1.0
      ]
    ], 
    "bTp(3)":[
      [
        -0.012648758901548816, 
        -0.999886812609246, 
        -0.008146831799706624, 
        -423.3395353005683
      ], 
      [
        -0.9999057735081583, 
        0.012691622360967814, 
        -0.0052313312739396805, 
        -298.33892941110145
      ], 
      [
        0.005334135665842511, 
        0.008079894304308497, 
        -0.9999531300539688, 
        5.328630265306117
      ], 
      [
        0.0, 
        0.0, 
        0.0, 
        1.0
      ]
    ], 
    "bTp(4)":[
      [
        -0.01449577944113482, 
        -0.9998593025435881, 
        -0.008440823149620557, 
        -302.4832041571399
      ], 
      [
        -0.999881939181341, 
        0.014538107065898953, 
        -0.004975051949613857, 
        -321.71574065292333
      ], 
      [
        0.005097065563132695, 
        0.008367709363359897, 
        -0.9999519995293056, 
        3.566865443824895
      ], 
      [
        0.0, 
        0.0, 
        0.0, 
        1.0
      ]
    ], 
    "bTp(5)":[
      [
        -0.013083495627935399, 
        -0.9998790832799439, 
        -0.008404817750113532, 
        -420.34909316654495
      ], 
      [
        -0.9999043338504151, 
        0.013120631847014903, 
        -0.004378603326721274, 
        -353.23245877727857
      ], 
      [
        0.004488350399808504, 
        0.008346726256080269, 
        -0.9999550924274025, 
        5.175285985998812
      ], 
      [
        0.0, 
        0.0, 
        0.0, 
        1.0
      ]
    ], 
    "bTp(6)":[
      [
        -0.012202581821162144, 
        -0.9998955674514123, 
        -0.007742815244849579, 
        -416.51989334885303
      ], 
      [
        -0.9999095113762403, 
        0.012245872003260197, 
        -0.005568453843598839, 
        -360.6183061832544
      ], 
      [
        0.005662689840204812, 
        0.007674165094510379, 
        -0.9999545195327021, 
        5.6405394046256845
      ], 
      [
        0.0, 
        0.0, 
        0.0, 
        1.0
      ]
    ], 
    "bTp(7)":[
      [
        -0.013715413597190196, 
        -0.9998600512173889, 
        -0.009579426361635633, 
        -419.1215502608269
      ], 
      [
        -0.9999010298937029, 
        0.013744738116107972, 
        -0.003002097871738534, 
        -331.9748321710657
      ], 
      [
        0.0031333444384393162, 
        0.009537303270820415, 
        -0.9999496097298856, 
        5.948940998615058
      ], 
      [
        0.0, 
        0.0, 
        0.0, 
        1.0
      ]
    ], 
    "bTp(8)":[
      [
        -0.014561753458540988, 
        -0.9998513220923703, 
        -0.009235206892751577, 
        -267.8704227455611
      ], 
      [
        -0.9998876476902777, 
        0.014593890448684853, 
        -0.003422040031097302, 
        -257.1972713454576
      ], 
      [
        0.0035563088470096055, 
        0.009184338392668478, 
        -0.999951499121669, 
        3.1748154257122394
      ], 
      [
        0.0, 
        0.0, 
        0.0, 
        1.0
      ]
    ], 
    "bTp(9)":[
      [
        -0.013383597476767732, 
        -0.9998861901660525, 
        -0.006963191351371619, 
        -371.96713271823245
      ], 
      [
        -0.9998960814537569, 
        0.013420394637238299, 
        -0.005264912269224078, 
        -272.4649037257361
      ], 
      [
        0.005357761846302832, 
        0.006892004280087266, 
        -0.9999618966065666, 
        4.925635764915285
      ], 
      [
        0.0, 
        0.0, 
        0.0, 
        1.0
      ]
    ], 
    "bTp(10)":[
      [
        -0.012304728727003496, 
        -0.9999011424759883, 
        -0.006804331426965459, 
        -468.68617148406946
      ], 
      [
        -0.9999192337796202, 
        0.012326030284973548, 
        -0.0030975627500946313, 
        -311.242604941219
      ], 
      [
        0.0031811269279480403, 
        0.006765667197478916, 
        -0.9999720526988947, 
        4.058236469281212
      ], 
      [
        0.0, 
        0.0, 
        0.0, 
        1.0
      ]
    ], 
    "bTp(11)":[
      [
        -0.01252081038127299, 
        -0.9998876381369578, 
        -0.00824259718120661, 
        -370.6417111222762
      ], 
      [
        -0.9999142314272265, 
        0.012551963583600062, 
        -0.003738716289657441, 
        -323.9650705229619
      ], 
      [
        0.0038417569801822847, 
        0.008195078467678484, 
        -0.9999590399572447, 
        4.889344482195213
      ], 
      [
        0.0, 
        0.0, 
        0.0, 
        1.0
      ]
    ], 
    "bTp(12)":[
      [
        -0.013398168277451364, 
        -0.9999029512910922, 
        -0.003817995046129491, 
        -369.40234780429125
      ], 
      [
        -0.9998998865741561, 
        0.013415308300943667, 
        -0.004499592446004259, 
        -255.67183563031418
      ], 
      [
        0.004550375347001837, 
        0.00375732651679404, 
        -0.9999825881392368, 
        5.18553174289309
      ], 
      [
        0.0, 
        0.0, 
        0.0, 
        1.0
      ]
    ], 
    "bTp(13)":[
      [
        -0.013256712762357232, 
        -0.999892565991356, 
        -0.006254281889861395, 
        -405.0852416319535
      ], 
      [
        -0.9999008833078248, 
        0.013285965139542784, 
        -0.004659043951546733, 
        -310.93329329054956
      ], 
      [
        0.004741637582939912, 
        0.006191898378715651, 
        -0.9999695881713102, 
        4.857093022114441
      ], 
      [
        0.0, 
        0.0, 
        0.0, 
        1.0
      ]
    ], 
    "bTp(14)":[
      [
        -0.011541379657642436, 
        -0.9999240641011069, 
        -0.004320021657678791, 
        -331.5660119557833
      ], 
      [
        -0.9999077345642681, 
        0.011571927318188369, 
        -0.007114271339740511, 
        -347.2482143785493
      ], 
      [
        0.007163722087786898, 
        0.004237514562478658, 
        -0.999965361678184, 
        5.419097326190354
      ], 
      [
        0.0, 
        0.0, 
        0.0, 
        1.0
      ]
    ], 
    "bTp(15)":[
      [
        -0.014715910677402305, 
        -0.9998816107452422, 
        -0.0044951603346726245, 
        -285.4951986005565
      ], 
      [
        -0.999882575656238, 
        0.014734849085994876, 
        -0.004209408682966609, 
        -263.8192770728283
      ], 
      [
        0.004275145843358555, 
        0.004432687211236688, 
        -0.9999810370262558, 
        3.5530986071074153
      ], 
      [
        0.0, 
        0.0, 
        0.0, 
        1.0
      ]
    ], 
    "bTp(16)":[
      [
        -0.013180413956518738, 
        -0.9998659370621474, 
        -0.0097151732237669, 
        -315.7766587034483
      ], 
      [
        -0.9999081962885685, 
        0.013210262547390278, 
        -0.003014624084371042, 
        -270.52211440036274
      ], 
      [
        0.0031425599239889484, 
        0.009674547341452408, 
        -0.9999482623870408, 
        4.3174327327676565
      ], 
      [
        0.0, 
        0.0, 
        0.0, 
        1.0
      ]
    ]
  }, 
  "T_Spitze":[
    [
      1.0, 
      0.0, 
      0.0, 
      0.0
    ], 
    [
      0.0, 
      1.0, 
      0.0, 
      0.0
    ], 
    [
      0.0, 
      0.0, 
      1.0, 
      112.0
    ], 
    [
      0.0, 
      0.0, 
      0.0, 
      1.0
    ]
  ]
}