{
  "bTc(i)":{
    "bTc(1)":[
      [
        0.14610479454476638, 
        -0.9868827428998611, 
        0.06867197956574221, 
        -521.608492703911
      ], 
      [
        -0.9773950559127019, 
        -0.1547258844143396, 
        -0.14407916355117223, 
        -153.3770223123606
      ], 
      [
        0.15281457289289127, 
        -0.04606899671846886, 
        -0.9871805072290059, 
        265.6101697572464
      ], 
      [
        0.0, 
        0.0, 
        0.0, 
        1.0
      ]
    ], 
    "bTc(2)":[
      [
        0.016313173449172404, 
        -0.9935777268390238, 
        -0.11196955435034453, 
        -472.5724473008099
      ], 
      [
        -0.9761000489980428, 
        -0.040096450502972406, 
        0.21359065757443615, 
        -291.6030297966368
      ], 
      [
        -0.21670850172070924, 
        0.10580914604352588, 
        -0.9704853682026874, 
        225.8483500131063
      ], 
      [
        0.0, 
        0.0, 
        0.0, 
        1.0
      ]
    ], 
    "bTc(3)":[
      [
        -0.10426122872812346, 
        -0.9758754413185549, 
        -0.19182470960597578, 
        -445.21008416785304
      ], 
      [
        -0.9759228519622103, 
        0.06323316773733738, 
        0.2087490203949386, 
        -292.28448498009647
      ], 
      [
        -0.19158335836404627, 
        0.20897054703765522, 
        -0.958971911616152, 
        225.33515838541217
      ], 
      [
        0.0, 
        0.0, 
        0.0, 
        1.0
      ]
    ], 
    "bTc(4)":[
      [
        -0.10001891439956767, 
        -0.9933886207756365, 
        -0.056349488691644675, 
        -477.6059253248312
      ], 
      [
        -0.9638727869987777, 
        0.11078750535770139, 
        -0.2422300128799603, 
        -85.4689425702947
      ], 
      [
        0.2468713576856174, 
        0.03008615578792456, 
        -0.9685811044947992, 
        266.76574736125735
      ], 
      [
        0.0, 
        0.0, 
        0.0, 
        1.0
      ]
    ], 
    "bTc(5)":[
      [
        0.1207460596847224, 
        -0.9550767768181719, 
        0.2706450432822016, 
        -574.0594351441778
      ], 
      [
        -0.9926801248410707, 
        -0.11687473172766226, 
        0.03043791762098898, 
        -228.6544325522372
      ], 
      [
        0.0025610185725176505, 
        -0.27233921397073546, 
        -0.9621978973774957, 
        234.222812967877
      ], 
      [
        0.0, 
        0.0, 
        0.0, 
        1.0
      ]
    ], 
    "bTc(6)":[
      [
        -0.09477789950211726, 
        -0.9367683389160257, 
        -0.33687123500007476, 
        -402.2063017965064
      ], 
      [
        -0.9945048880679885, 
        0.0739824906162367, 
        0.074071713164304, 
        -223.16266494621405
      ], 
      [
        -0.044465462719316666, 
        0.34204045124331056, 
        -0.938632597099861, 
        250.16114314772997
      ], 
      [
        0.0, 
        0.0, 
        0.0, 
        1.0
      ]
    ], 
    "bTc(7)":[
      [
        0.08145560992162151, 
        -0.9273040732945608, 
        0.3653383900763951, 
        -591.0359329779391
      ], 
      [
        -0.9507719156551078, 
        -0.1822592035673097, 
        -0.25062790570190996, 
        -169.5802855766105
      ], 
      [
        0.298994561846553, 
        -0.32693843207295964, 
        -0.8965007047514592, 
        247.5754906717532
      ], 
      [
        0.0, 
        0.0, 
        0.0, 
        1.0
      ]
    ], 
    "bTc(8)":[
      [
        0.2581708777837246, 
        -0.8167252415953259, 
        -0.5160500727695302, 
        -359.1475679699413
      ], 
      [
        -0.9643048455678855, 
        -0.1853069448944453, 
        -0.18914941445371222, 
        -141.67280267970764
      ], 
      [
        0.058855438819844154, 
        0.5464624560891104, 
        -0.835412964590795, 
        203.3402550670851
      ], 
      [
        0.0, 
        0.0, 
        0.0, 
        1.0
      ]
    ], 
    "bTc(9)":[
      [
        -0.15674652470128225, 
        -0.8416472421670617, 
        -0.5167789147659271, 
        -360.7587995819506
      ], 
      [
        -0.9659895906814446, 
        0.02169242359679132, 
        0.25766945774303823, 
        -292.06229981201597
      ], 
      [
        -0.20565660137511818, 
        0.5395918443704243, 
        -0.8164226869702726, 
        195.05936886315715
      ], 
      [
        0.0, 
        0.0, 
        0.0, 
        1.0
      ]
    ], 
    "bTc(10)":[
      [
        0.0335994333647021, 
        -0.9994273506922438, 
        -0.004006091093952713, 
        -502.7643776971091
      ], 
      [
        -0.9994334392319504, 
        -0.03360699681161783, 
        0.0018358404881712068, 
        -193.6911726564142
      ], 
      [
        -0.0019694218860082163, 
        0.0039421381997551165, 
        -0.9999902904147866, 
        245.24296751276557
      ], 
      [
        0.0, 
        0.0, 
        0.0, 
        1.0
      ]
    ], 
    "bTc(11)":[
      [
        0.004937617465170327, 
        -0.9953789523306725, 
        0.09589765998636116, 
        -518.2031886508111
      ], 
      [
        -0.9659616689112154, 
        -0.029551019285782697, 
        -0.25699181203577326, 
        -106.02969157358434
      ], 
      [
        0.2586381142214472, 
        -0.09136453642559227, 
        -0.9616438256213735, 
        244.0679334981665
      ], 
      [
        0.0, 
        0.0, 
        0.0, 
        1.0
      ]
    ], 
    "bTc(12)":[
      [
        -0.07061057460274459, 
        -0.9361854258701323, 
        -0.34434139330412844, 
        -409.96029770383785
      ], 
      [
        -0.9936819866574715, 
        0.09620584447725751, 
        -0.0577974470100312, 
        -183.94406949028655
      ], 
      [
        0.0872367820745912, 
        0.3380847288428981, 
        -0.9370637438170867, 
        215.8261336334691
      ], 
      [
        0.0, 
        0.0, 
        0.0, 
        1.0
      ]
    ], 
    "bTc(13)":[
      [
        0.35062288579659984, 
        -0.9275103046812256, 
        -0.12956938938578189, 
        -459.9267514595173
      ], 
      [
        -0.8493918798058202, 
        -0.3732195647050312, 
        0.3731495558637592, 
        -340.4362195592828
      ], 
      [
        -0.3944578893565175, 
        -0.02077958689498892, 
        -0.9186790420450852, 
        299.5464248521772
      ], 
      [
        0.0, 
        0.0, 
        0.0, 
        1.0
      ]
    ], 
    "bTc(14)":[
      [
        0.19259757968105518, 
        -0.8614018632929739, 
        -0.4699925554903952, 
        -359.21777055240443
      ], 
      [
        -0.9557579317681725, 
        -0.2731936771343181, 
        0.10905040410770428, 
        -259.10825722150093
      ], 
      [
        -0.22233521575140475, 
        0.4281962688875535, 
        -0.8759081042823811, 
        227.18836003076444
      ], 
      [
        0.0, 
        0.0, 
        0.0, 
        1.0
      ]
    ], 
    "bTc(15)":[
      [
        -0.07490988466020113, 
        -0.9132804630736546, 
        0.40038394691616414, 
        -587.3342975463985
      ], 
      [
        -0.9504358889378018, 
        -0.05611255169591946, 
        -0.3058153079248687, 
        -124.30474886573795
      ], 
      [
        0.30176171095618587, 
        -0.4034478619476661, 
        -0.8638111439954064, 
        188.449823321115
      ], 
      [
        0.0, 
        0.0, 
        0.0, 
        1.0
      ]
    ], 
    "bTc(16)":[
      [
        0.04469920348781502, 
        0.9978466947892919, 
        0.04799953026478633, 
        -456.90511731807396
      ], 
      [
        0.9988656291969522, 
        -0.045431016789471916, 
        0.014264554758236743, 
        -7.2195662541278285
      ], 
      [
        0.016414506283493443, 
        0.04730746676329242, 
        -0.998745496896937, 
        592.8842454747187
      ], 
      [
        0.0, 
        0.0, 
        0.0, 
        1.0
      ]
    ]
  }, 
  "rot_c2p(i)":{
    "rot_c2p(1)":[
      [
        0.976326541708282, 
        -0.15467402084046558, 
        -0.15120327785133914
      ], 
      [
        0.1652867588723335, 
        0.9844025337572802, 
        0.06026556955448083
      ], 
      [
        0.139523371868032, 
        -0.08383077483412697, 
        0.9866638890185881
      ]
    ], 
    "rot_c2p(2)":[
      [
        0.9748744373723047, 
        -0.03151739735505201, 
        0.22051413791862862
      ], 
      [
        0.05284877291879236, 
        0.9944004732300452, 
        -0.09151342000406269
      ], 
      [
        -0.21639509827861192, 
        0.10086799543872092, 
        0.9710812576387025
      ]
    ], 
    "rot_c2p(3)":[
      [
        0.9761666982565661, 
        0.09076644447706131, 
        0.19712947464006172
      ], 
      [
        -0.05180741050662899, 
        0.9795385848615583, 
        -0.19447404192851384
      ], 
      [
        -0.21074764395236265, 
        0.17962631579033259, 
        0.9608953206484668
      ]
    ], 
    "rot_c2p(4)":[
      [
        0.9660715398199209, 
        0.09277551991381071, 
        -0.24103626875366513
      ], 
      [
        -0.10048978489936254, 
        0.9947393699822878, 
        -0.019884389307215707
      ], 
      [
        0.2379234815667567, 
        0.0434314253964014, 
        0.9703123869183522
      ]
    ], 
    "rot_c2p(5)":[
      [
        0.9911882073298545, 
        -0.13245985408374983, 
        0.0005698300985105126
      ], 
      [
        0.12675259994860805, 
        0.9497129294691242, 
        0.2863199783554102
      ], 
      [
        -0.03846707756637611, 
        -0.28372475862230656, 
        0.9581338869324142
      ]
    ], 
    "rot_c2p(6)":[
      [
        0.995301856827521, 
        0.0834647949928216, 
        0.04906976454493235
      ], 
      [
        -0.06264959095158874, 
        0.9415988279181077, 
        -0.3308574859616214
      ], 
      [
        -0.07381898501935291, 
        0.3262288694460565, 
        0.9424040970786685
      ]
    ], 
    "rot_c2p(7)":[
      [
        0.9509851879431369, 
        -0.0881541319970753, 
        -0.2964051641328113
      ], 
      [
        0.19149887693225626, 
        0.9204841409682015, 
        0.3406422263309652
      ], 
      [
        0.2428072331015721, 
        -0.380706967677076, 
        0.8922482010716999
      ]
    ], 
    "rot_c2p(8)":[
      [
        0.9621604591796258, 
        -0.2668794060030145, 
        -0.05497848163354417
      ], 
      [
        0.19685983279765407, 
        0.8203349219898368, 
        -0.536932790947627
      ], 
      [
        0.1883970727536166, 
        0.5057924459849185, 
        0.8418316604657144
      ]
    ], 
    "rot_c2p(9)":[
      [
        0.9667304805391572, 
        0.14392518257577225, 
        0.21146564689580416
      ], 
      [
        -0.010541105833993702, 
        0.8484054448309016, 
        -0.5292419921633926
      ], 
      [
        -0.2555798565699708, 
        0.5094052836414347, 
        0.821696533955123
      ]
    ], 
    "rot_c2p(10)":[
      [
        0.9989913217904962, 
        -0.04449925873112687, 
        0.0060128994384892834
      ], 
      [
        0.044436823359253155, 
        0.9989606709434101, 
        0.010146262268958673
      ], 
      [
        -0.006458151207248774, 
        -0.00986883380507496, 
        0.999930446782331
      ]
    ], 
    "rot_c2p(11)":[
      [
        0.9665561367074617, 
        -0.011932978396270838, 
        -0.256177357742133
      ], 
      [
        0.03988487256375663, 
        0.9937567737375343, 
        0.10419535302181063
      ], 
      [
        0.2533346236378272, 
        -0.1109282591468963, 
        0.9609976533732637
      ]
    ], 
    "rot_c2p(12)":[
      [
        0.994728431957142, 
        0.0601228965903607, 
        -0.08306975359100564
      ], 
      [
        -0.0842288077337771, 
        0.9410982191014372, 
        -0.3274746554343554
      ], 
      [
        0.05848807232104689, 
        0.33274521680963076, 
        0.9412012357017387
      ]
    ], 
    "rot_c2p(13)":[
      [
        0.8435442830139704, 
        -0.36393277229565163, 
        0.3949506043084984
      ], 
      [
        0.38393083052305427, 
        0.9228620722281853, 
        0.03037619160753157
      ], 
      [
        -0.37553982474342773, 
        0.12601005075747373, 
        0.9182000365605386
      ]
    ], 
    "rot_c2p(14)":[
      [
        0.9519389724243595, 
        -0.20539859541159444, 
        0.2272082960250318
      ], 
      [
        0.28574361218139743, 
        0.8626622490587582, 
        -0.41733012369874767
      ], 
      [
        -0.1102849984230923, 
        0.4621961283392896, 
        0.8798931515081757
      ]
    ], 
    "rot_c2p(15)":[
      [
        0.9528608432351261, 
        0.06716958925774373, 
        -0.29587913023427387
      ], 
      [
        0.06498659350413354, 
        0.9073720454029429, 
        0.4152742634524902
      ], 
      [
        0.29636625329813265, 
        -0.414926761610077, 
        0.8602341695176967
      ]
    ], 
    "rot_c2p(16)":[
      [
        -0.9993654408590559, 
        -0.03351554302405157, 
        -0.012059187053356617
      ], 
      [
        0.034138171442090894, 
        -0.9978590166937779, 
        -0.055785016388965075
      ], 
      [
        -0.01016370341830699, 
        -0.056161296091967475, 
        0.9983699754870914
      ]
    ]
  }, 
  "trans_c2p(i)":{
    "trans_c2p(1)":[
      [
        192.2750776061075
      ], 
      [
        -126.5451305470315
      ], 
      [
        301.27181010451335
      ]
    ], 
    "trans_c2p(2)":[
      [
        122.99313530952989
      ], 
      [
        -80.94747669803455
      ], 
      [
        192.715379270529
      ]
    ], 
    "trans_c2p(3)":[
      [
        121.01114089323664
      ], 
      [
        -79.64303441005832
      ], 
      [
        189.60983354485282
      ]
    ], 
    "trans_c2p(4)":[
      [
        202.24918280322163
      ], 
      [
        -133.10955095956314
      ], 
      [
        316.9000275746072
      ]
    ], 
    "trans_c2p(5)":[
      [
        175.0699434638124
      ], 
      [
        -115.22163520263662
      ], 
      [
        274.3134441494679
      ]
    ], 
    "trans_c2p(6)":[
      [
        141.47533416457213
      ], 
      [
        -93.11146745558254
      ], 
      [
        221.67475129677268
      ]
    ], 
    "trans_c2p(7)":[
      [
        275.39871261529595
      ], 
      [
        -181.25264321453608
      ], 
      [
        431.516500646194
      ]
    ], 
    "trans_c2p(8)":[
      [
        124.29182589095974
      ], 
      [
        -81.80220509660481
      ], 
      [
        194.75027046445996
      ]
    ], 
    "trans_c2p(9)":[
      [
        104.23347947899117
      ], 
      [
        -68.60087865917619
      ], 
      [
        163.32126569444605
      ]
    ], 
    "trans_c2p(10)":[
      [
        154.3342496138038
      ], 
      [
        -101.57451505632149
      ], 
      [
        241.82311780169854
      ]
    ], 
    "trans_c2p(11)":[
      [
        203.3220992377932
      ], 
      [
        -133.8156869391676
      ], 
      [
        318.5811579652886
      ]
    ], 
    "trans_c2p(12)":[
      [
        132.90777518229052
      ], 
      [
        -87.47276022747646
      ], 
      [
        208.25042176376422
      ]
    ], 
    "trans_c2p(13)":[
      [
        161.0040194879695
      ], 
      [
        -105.96419940831024
      ], 
      [
        252.2738411507064
      ]
    ], 
    "trans_c2p(14)":[
      [
        118.58446249376104
      ], 
      [
        -78.04592500471776
      ], 
      [
        185.80752175773063
      ]
    ], 
    "trans_c2p(15)":[
      [
        237.11538522893412
      ], 
      [
        -156.05661301551865
      ], 
      [
        371.53115318405077
      ]
    ], 
    "trans_c2p(16)":[
      [
        359.3241785432754
      ], 
      [
        -236.48787793296046
      ], 
      [
        563.0175633360988
      ]
    ]
  }, 
  "bTp(i)":{
    "bTp(1)":[
      [
        -0.010891315034200662, 
        -0.9998453139246565, 
        -0.013810412004373307, 
        -347.9420448720849
      ], 
      [
        -0.9999332854851078, 
        0.010943338510244987, 
        -0.0036970151753023253, 
        -365.1329156989895
      ], 
      [
        0.0038475753120637943, 
        0.013769225292475562, 
        -0.999897797076813, 
        3.4127525107064116
      ], 
      [
        0.0, 
        0.0, 
        0.0, 
        1.0
      ]
    ], 
    "bTp(2)":[
      [
        -0.012376405157011522, 
        -0.9998224550267634, 
        -0.014208554453014843, 
        -411.7166841938388
      ], 
      [
        -0.9999140056307407, 
        0.012436665221527836, 
        -0.004160613134323032, 
        -367.24872412282946
      ], 
      [
        0.0043365814733895055, 
        0.014155839163484604, 
        -0.9998903971329571, 
        3.602252744768492
      ], 
      [
        0.0, 
        0.0, 
        0.0, 
        1.0
      ]
    ], 
    "bTp(3)":[
      [
        -0.010792154210671272, 
        -0.9998278356828592, 
        -0.015093985597643838, 
        -416.47702431248825
      ], 
      [
        -0.9999326990572821, 
        0.010855097743605538, 
        -0.004094411922917085, 
        -375.8372370640512
      ], 
      [
        0.004257553700287232, 
        0.015048782233309525, 
        -0.9998776962157842, 
        3.6778846094845505
      ], 
      [
        0.0, 
        0.0, 
        0.0, 
        1.0
      ]
    ], 
    "bTp(4)":[
      [
        -0.01020688435591175, 
        -0.9998894161768018, 
        -0.010815494873493595, 
        -383.46231030742166
      ], 
      [
        -0.9999352881137206, 
        0.01026049960367855, 
        -0.004913423736343665, 
        -371.92099891821186
      ], 
      [
        0.0050238527720244406, 
        0.010764644234550582, 
        -0.9999294391794998, 
        5.747144301019887
      ], 
      [
        0.0, 
        0.0, 
        0.0, 
        1.0
      ]
    ], 
    "bTp(5)":[
      [
        -0.011787318044087808, 
        -0.9998314686045074, 
        -0.014074570028281672, 
        -368.6333473679193
      ], 
      [
        -0.9999178672460599, 
        0.011856829808309922, 
        -0.004865629351559449, 
        -380.6268581669317
      ], 
      [
        0.005031689121705357, 
        0.014016061324433598, 
        -0.9998891099164611, 
        2.1067207250891897
      ], 
      [
        0.0, 
        0.0, 
        0.0, 
        1.0
      ]
    ], 
    "bTp(6)":[
      [
        -0.01077697346125979, 
        -0.9998677100488882, 
        -0.012182743722453176, 
        -403.06700933526326
      ], 
      [
        -0.9999354331772354, 
        0.010820011092280693, 
        -0.003472295583071798, 
        -354.32936598740685
      ], 
      [
        0.0036036536554699306, 
        0.012144536284049634, 
        -0.9999197587400588, 
        3.9513410851425306
      ], 
      [
        0.0, 
        0.0, 
        0.0, 
        1.0
      ]
    ], 
    "bTp(7)":[
      [
        -0.0114078064600466, 
        -0.9998362125738001, 
        -0.014050266113093665, 
        -242.87730488450552
      ], 
      [
        -0.9999267100155588, 
        0.011463556517599153, 
        -0.0038937731607541094, 
        -506.53676157482727
      ], 
      [
        0.004054201429344354, 
        0.01400481695869195, 
        -0.9998937086274341, 
        2.3218161237119546
      ], 
      [
        0.0, 
        0.0, 
        0.0, 
        1.0
      ]
    ], 
    "bTp(8)":[
      [
        -0.0096009072909543, 
        -0.9999029564182254, 
        -0.010094569098421569, 
        -360.7500037028456
      ], 
      [
        -0.9999306831850395, 
        0.009669001213668002, 
        -0.006718574300341889, 
        -283.20639556181413
      ], 
      [
        0.0068155267066907395, 
        0.010029364966057979, 
        -0.9999264775142661, 
        3.2567703074477663
      ], 
      [
        0.0, 
        0.0, 
        0.0, 
        1.0
      ]
    ], 
    "bTp(9)":[
      [
        -0.010581469578480742, 
        -0.9998677847234472, 
        -0.012346885185556922, 
        -403.7602813578455
      ], 
      [
        -0.9999353663806543, 
        0.010631925293300714, 
        -0.004028054833732259, 
        -352.15597333882175
      ], 
      [
        0.004158793424246014, 
        0.01230346442199582, 
        -0.999915661043706, 
        3.267404505222686
      ], 
      [
        0.0, 
        0.0, 
        0.0, 
        1.0
      ]
    ], 
    "bTp(10)":[
      [
        -0.01081996235266738, 
        -0.9998442312380196, 
        -0.013944234462308717, 
        -397.03125131926726
      ], 
      [
        -0.9999305768163654, 
        0.010883861508925343, 
        -0.004514765369729812, 
        -344.08041946494484
      ], 
      [
        0.004665829227053109, 
        0.013894416817827415, 
        -0.9998925818401279, 
        2.7178276883606998
      ], 
      [
        0.0, 
        0.0, 
        0.0, 
        1.0
      ]
    ], 
    "bTp(11)":[
      [
        -0.010633880604287016, 
        -0.999861257275465, 
        -0.012821340913462978, 
        -353.45075606702505
      ], 
      [
        -0.9999397415287449, 
        0.010667928464782907, 
        -0.0025900991673011822, 
        -380.3494050003296
      ], 
      [
        0.00272651695757278, 
        0.012793025513761705, 
        -0.999914448642225, 
        2.519182511617288
      ], 
      [
        0.0, 
        0.0, 
        0.0, 
        1.0
      ]
    ], 
    "bTp(12)":[
      [
        -0.011524428230103221, 
        -0.9998657008816414, 
        -0.01165194208844794, 
        -409.1635091793427
      ], 
      [
        -0.9999274892898795, 
        0.011564285540789561, 
        -0.0033590865377510957, 
        -336.46386505879843
      ], 
      [
        0.003493381800805663, 
        0.011612385646129344, 
        -0.9999264716883937, 
        2.703455960978914
      ], 
      [
        0.0, 
        0.0, 
        0.0, 
        1.0
      ]
    ], 
    "bTp(13)":[
      [
        -0.011675405005322523, 
        -0.9998942859824869, 
        -0.008666128174351771, 
        -337.8791381991922
      ], 
      [
        -0.9999226805055086, 
        0.011711955177881785, 
        -0.004178889396547225, 
        -343.5079421695448
      ], 
      [
        0.004279944934104662, 
        0.008616667887525176, 
        -0.9999537164818567, 
        6.480320715035134
      ], 
      [
        0.0, 
        0.0, 
        0.0, 
        1.0
      ]
    ], 
    "bTp(14)":[
      [
        -0.010965809622994918, 
        -0.9998868805738326, 
        -0.01029451677555863, 
        -356.4779368470926
      ], 
      [
        -0.9999131952283595, 
        0.011040139365765948, 
        -0.007191476273706336, 
        -330.8622592630588
      ], 
      [
        0.007304315677942136, 
        0.010214762802654802, 
        -0.9999211496879955, 
        4.6535699443306555
      ], 
      [
        0.0, 
        0.0, 
        0.0, 
        1.0
      ]
    ], 
    "bTp(15)":[
      [
        -0.012069391844737706, 
        -0.9998468424842445, 
        -0.012673648045606991, 
        -313.8180183903939
      ], 
      [
        -0.999913043172651, 
        0.012135606287178807, 
        -0.005160731852155111, 
        -454.53090005596795
      ], 
      [
        0.005313743850188536, 
        0.012610259090452967, 
        -0.9999063683625415, 
        2.0301240638911224
      ], 
      [
        0.0, 
        0.0, 
        0.0, 
        1.0
      ]
    ], 
    "bTp(16)":[
      [
        -0.011094030649837652, 
        -0.9999041555826917, 
        -0.00828264042464426, 
        -649.7976815254569
      ], 
      [
        -0.9999277024252748, 
        0.01105510988694675, 
        0.004730165736828331, 
        370.47208504711466
      ], 
      [
        -0.004638146876800761, 
        0.008334518213492523, 
        -0.9999545106652098, 
        25.28347598017865
      ], 
      [
        0.0, 
        0.0, 
        0.0, 
        1.0
      ]
    ]
  }, 
  "T_Spitze":[
    [
      1.0, 
      0.0, 
      0.0, 
      0.0
    ], 
    [
      0.0, 
      1.0, 
      0.0, 
      0.0
    ], 
    [
      0.0, 
      0.0, 
      1.0, 
      112.0
    ], 
    [
      0.0, 
      0.0, 
      0.0, 
      1.0
    ]
  ]
}